Números ordenados de mayor a menor:
99999999
99896068
99758542
99754309
99401040
99334809
99262173
99242026
99003566
98844779
98801675
98729528
98728355
98713223
98696112
98694332
98607212
98473224
98463813
98318320
98312546
98165448
97971229
97763289
97720426
97569001
97529695
97485734
97424865
97383818
97328959
97301519
97018332
96937986
96818669
96631541
96590017
96576742
96568555
96538097
96488725
96422345
96261018
96170991
95741913
95654428
95568035
95525565
95427126
95278510
95136083
95118734
94817516
94776217
94574174
94540660
94486841
94455061
94274230
94190424
94135445
93998471
93927346
93679750
93602993
93500052
93393317
93382859
93304348
93261767
93244870
93134591
93110489
92937339
92865583
92827139
92701788
92472111
92440386
92362840
92362714
92351830
92321234
92295320
92145652
91957367
91955152
91871179
91824335
91796811
91643060
91524834
91410105
91373017
90964342
90897284
90827251
90809771
90776532
90704390
90324036
90025904
89967441
89962038
89934368
89883908
89706807
89357223
89275980
88906343
88760561
88715892
88667773
88516180
88357902
88348370
88313924
88304451
88279578
88030156
88002027
87952613
87911443
87893184
87790618
87779590
87741571
87695658
87682395
87669533
87447866
87358421
87269814
87145334
86969136
86967729
86804975
86655924
86639694
86393596
86374998
86362412
86336786
86275040
86116828
86100791
85977222
85949477
85672439
85648618
85613795
85353436
85237803
85236251
85235639
85212464
85124940
85088952
85009935
84852009
84848665
84664745
84549928
84457409
84445549
84422444
84363559
84124682
83976936
83762849
83662700
83647753
83587897
83548107
83421459
83135169
82993212
82965248
82897962
82885663
82874221
82689221
82647897
82552353
82411682
82406361
82257508
82221181
82181560
82130717
82005609
81953288
81951713
81871316
81829503
81445491
81398295
81351668
81329163
81258185
81230081
80672224
80654160
80651537
80616071
80479937
80426895
80384794
80383679
80261448
80149896
79992810
79951453
79948612
79917842
79487400
79322106
78968920
78942215
78936683
78896106
78802572
78716211
78697540
78645139
78567441
78408576
78383199
78109222
77859995
77851770
77843880
77708887
77668592
77603615
77568432
77486505
77408578
77385602
77209784
77176396
77084944
77007530
77000129
76928897
76868719
76724509
76717888
76501847
76489524
76474395
76455530
76435198
76385526
76310249
76226568
76175847
76064237
76039646
76034464
75999222
75967328
75932287
75859491
75818169
75613759
75566307
75441053
75390275
75298597
75279611
75259970
75167531
74826914
74824531
74799425
74718314
74581186
74547177
74526931
74504613
74484202
74360364
74358826
74184341
73983663
73601332
73487404
73467508
73386039
73338431
73153812
73021540
72976704
72937108
72669668
72289238
72269713
72268118
72264005
72229781
72170449
72109738
72109268
72090912
71985751
71932411
71868291
71857896
71790215
71685077
71656292
71510637
71329860
71255528
71227244
71196943
70946917
70919003
70842599
70829238
70620828
70426871
70396203
70390069
70376778
70315000
70300908
70065127
70054963
70017257
69975325
69754780
69673112
69547766
69443175
69321734
69271837
69199935
69183033
69115400
69075025
69052092
69002427
68981443
68882464
68767926
68585598
68576465
68443822
68343504
68325639
68301481
68082338
68040368
68030649
67924792
67767709
67507639
67450292
67304134
67248386
67076711
67037495
66675024
66620600
66462020
66444522
66216727
66135946
66119109
66062112
65742462
65702024
65697705
65665426
65592558
65452770
65349617
65240080
65224736
65217539
65204865
65091202
65020733
64627702
64625471
64624767
64504342
64495790
64160712
64089569
64030032
63602151
63307620
63240316
63239591
63049869
62966133
62852109
62759702
62161200
62100595
61940070
61863133
61812119
61623991
60993956
60972605
60894168
60891605
60841442
60812807
60727878
60543577
60459827
60374175
60302783
60184952
60184339
60127034
60060653
59875477
59806585
59675916
59493409
59191448
59032157
58802575
58775271
58633278
58622820
58257748
58244120
58228476
58093463
58045132
57951952
57949860
57911725
57841932
57709729
57535496
57465087
57403189
57229931
57199674
57139823
57099949
56948811
56846166
56642573
56567677
56440507
56307780
56251713
56124435
56087665
56067557
55773976
55715689
55514240
55482610
55442525
55395481
55336395
54956502
54882902
54736877
54674618
54626100
54588583
54548075
54534556
54417226
54284463
54198425
54145361
54107105
53919191
53756780
53720703
53715187
53147383
53107101
53059878
53055171
53027363
52979978
52569285
52273957
52266774
51998440
51798497
51728367
51621585
51481335
51366892
51154363
51154207
51116159
51053714
51012572
50983365
50578952
50458090
50397659
50265500
50194012
50120428
50107666
50059311
50015821
49993745
49845645
49663639
49455365
49374152
49248248
49175380
49095625
49092231
48921136
48911143
48732994
48487150
48376743
48023367
47982932
47978677
47952848
47786731
47771360
47681049
47669254
47640288
47561827
47450419
47329584
47222621
47117788
47013991
46996748
46933796
46722253
46647878
46554428
46536524
46516856
46393726
46216648
46175868
46169588
46164533
46128116
46011703
45934499
45911307
45746127
45721395
45469587
45450071
45296002
45285742
45279684
45190981
45181723
45046900
44834950
44831965
44744301
44411690
44161913
43971980
43943163
43908395
43892120
43849961
43752000
43687208
43544573
43307834
43145113
43094475
42903892
42895291
42508541
42473340
42418097
42305099
42299695
42283542
42212292
42176009
42036400
41938733
41921211
41663377
41604221
41499099
41463806
41292397
41211765
41162787
41120626
41108877
40887210
40714166
40705384
40610284
40599348
40188059
40116888
40058802
40027109
39925840
39860951
39800008
39666352
39610551
39596417
39543559
39413625
39238560
39155447
39149499
39103085
39075141
38879634
38684565
38622514
38521579
38282581
38198911
38193704
38141126
38003406
37580569
37448220
37445700
37298153
37039944
37025916
36934456
36877278
36735233
36696910
36341957
36291354
36288759
36279490
36207682
36096214
36055110
35877385
35742283
35600323
35298155
35173464
35160001
35046970
35042153
34818485
34804461
34738193
34688330
34470929
34308160
34302163
34284028
34197924
34106662
33922910
33859784
33745405
33563204
33428321
33227065
33215235
33181657
33076310
32927106
32901638
32705083
32508603
32379013
32378129
32337254
32317677
32209497
32027509
32000243
31857285
31837298
31804827
31709725
31662268
31417901
31408002
30998981
30876076
30632126
30491381
30491054
30351982
30105820
30082092
30055194
29884792
29453194
29335469
29299699
29287368
29242133
29086584
28945749
28936193
28871023
28860472
28790089
28782088
28743352
28672643
28420435
28159058
28091321
27986917
27885215
27854700
27811676
27779954
27745063
27639717
27569793
27506949
27289820
27174597
27092174
27001153
26805521
26797658
26740084
26523229
26478822
26400727
26216644
25700253
25550261
25491460
25406891
25125363
25028700
24617785
24539265
24521090
24452836
24175282
24161313
24049896
23958507
23938306
23932299
23816199
23706805
23662943
23648553
23624183
23582545
23523128
23410845
23282832
23123905
22889585
22804216
22672302
22504231
22065270
22034312
22010830
21805179
21769034
21575185
21558061
21378464
21359264
21242263
21164499
21006506
20846726
20841855
20823079
20487488
20440495
20353809
20308561
20237247
20180856
20151866
20121945
20058488
19962761
19874535
19751145
19701128
19694449
19621257
19360161
19327864
19316857
19271824
19190073
19076662
19018561
18943630
18662885
18162866
18027310
17881720
17642906
17538208
17537398
17233806
17062251
16925061
16924171
16907498
16890179
16439614
16435964
16360011
16301065
16253919
16179828
16044384
16017598
15882602
15727954
15663381
15638851
15349688
15237200
15208503
15169856
15013674
14950819
14636299
14635648
14140396
13844780
13788263
13624763
13543065
13487702
13476926
13422769
13383972
13359640
13292535
13224115
13156544
13059860
13015501
13005821
12933155
12640531
12485098
12135131
12014327
11982151
11973109
11868132
11851482
11789691
11747330
11732859
11684730
11372810
11153990
10953216
10787954
10785151
10715722
10587839
10487209
10479126
10340565
10286193
10170295
10104990
10035863
10025295
9855081
9844209
9795241
9727628
9699376
9536955
9276007
9254494
9207375
9185299
9154087
8945685
8765436
8723699
8662512
8130529
8124510
8083183
8077975
7994250
7879418
7762860
7745668
7659301
7484664
7462029
7449082
7291243
7220287
7173389
7139229
7102038
7016198
6928754
6779888
6733886
6579597
6578703
6569530
6418032
6399688
6391234
6356084
6314087
6134006
6032709
5951258
5946519
5821940
5722906
5700839
5623366
5511843
5465675
5343403
5249972
5180393
5037324
4994683
4975653
4762559
4699748
4383850
4257969
4119426
3951653
3800021
3772100
3646673
3642744
3616283
3588534
3545934
3420539
3098585
3052180
3032954
2760747
2715138
2516954
2458188
2272924
2182958
2159786
1847335
1651277
1572305
1408928
1397853
1364123
1337923
1041867
967881
927927
844855
839349
784359
720831
608215
411811
390998
386046
342714
320985
231034
153430
108227
64209
999

------------------------------------
Números ordenados de menor a mayor: 
999
64209
108227
153430
231034
320985
342714
386046
390998
411811
608215
720831
784359
839349
844855
927927
967881
1041867
1337923
1364123
1397853
1408928
1572305
1651277
1847335
2159786
2182958
2272924
2458188
2516954
2715138
2760747
3032954
3052180
3098585
3420539
3545934
3588534
3616283
3642744
3646673
3772100
3800021
3951653
4119426
4257969
4383850
4699748
4762559
4975653
4994683
5037324
5180393
5249972
5343403
5465675
5511843
5623366
5700839
5722906
5821940
5946519
5951258
6032709
6134006
6314087
6356084
6391234
6399688
6418032
6569530
6578703
6579597
6733886
6779888
6928754
7016198
7102038
7139229
7173389
7220287
7291243
7449082
7462029
7484664
7659301
7745668
7762860
7879418
7994250
8077975
8083183
8124510
8130529
8662512
8723699
8765436
8945685
9154087
9185299
9207375
9254494
9276007
9536955
9699376
9727628
9795241
9844209
9855081
10025295
10035863
10104990
10170295
10286193
10340565
10479126
10487209
10587839
10715722
10785151
10787954
10953216
11153990
11372810
11684730
11732859
11747330
11789691
11851482
11868132
11973109
11982151
12014327
12135131
12485098
12640531
12933155
13005821
13015501
13059860
13156544
13224115
13292535
13359640
13383972
13422769
13476926
13487702
13543065
13624763
13788263
13844780
14140396
14635648
14636299
14950819
15013674
15169856
15208503
15237200
15349688
15638851
15663381
15727954
15882602
16017598
16044384
16179828
16253919
16301065
16360011
16435964
16439614
16890179
16907498
16924171
16925061
17062251
17233806
17537398
17538208
17642906
17881720
18027310
18162866
18662885
18943630
19018561
19076662
19190073
19271824
19316857
19327864
19360161
19621257
19694449
19701128
19751145
19874535
19962761
20058488
20121945
20151866
20180856
20237247
20308561
20353809
20440495
20487488
20823079
20841855
20846726
21006506
21164499
21242263
21359264
21378464
21558061
21575185
21769034
21805179
22010830
22034312
22065270
22504231
22672302
22804216
22889585
23123905
23282832
23410845
23523128
23582545
23624183
23648553
23662943
23706805
23816199
23932299
23938306
23958507
24049896
24161313
24175282
24452836
24521090
24539265
24617785
25028700
25125363
25406891
25491460
25550261
25700253
26216644
26400727
26478822
26523229
26740084
26797658
26805521
27001153
27092174
27174597
27289820
27506949
27569793
27639717
27745063
27779954
27811676
27854700
27885215
27986917
28091321
28159058
28420435
28672643
28743352
28782088
28790089
28860472
28871023
28936193
28945749
29086584
29242133
29287368
29299699
29335469
29453194
29884792
30055194
30082092
30105820
30351982
30491054
30491381
30632126
30876076
30998981
31408002
31417901
31662268
31709725
31804827
31837298
31857285
32000243
32027509
32209497
32317677
32337254
32378129
32379013
32508603
32705083
32901638
32927106
33076310
33181657
33215235
33227065
33428321
33563204
33745405
33859784
33922910
34106662
34197924
34284028
34302163
34308160
34470929
34688330
34738193
34804461
34818485
35042153
35046970
35160001
35173464
35298155
35600323
35742283
35877385
36055110
36096214
36207682
36279490
36288759
36291354
36341957
36696910
36735233
36877278
36934456
37025916
37039944
37298153
37445700
37448220
37580569
38003406
38141126
38193704
38198911
38282581
38521579
38622514
38684565
38879634
39075141
39103085
39149499
39155447
39238560
39413625
39543559
39596417
39610551
39666352
39800008
39860951
39925840
40027109
40058802
40116888
40188059
40599348
40610284
40705384
40714166
40887210
41108877
41120626
41162787
41211765
41292397
41463806
41499099
41604221
41663377
41921211
41938733
42036400
42176009
42212292
42283542
42299695
42305099
42418097
42473340
42508541
42895291
42903892
43094475
43145113
43307834
43544573
43687208
43752000
43849961
43892120
43908395
43943163
43971980
44161913
44411690
44744301
44831965
44834950
45046900
45181723
45190981
45279684
45285742
45296002
45450071
45469587
45721395
45746127
45911307
45934499
46011703
46128116
46164533
46169588
46175868
46216648
46393726
46516856
46536524
46554428
46647878
46722253
46933796
46996748
47013991
47117788
47222621
47329584
47450419
47561827
47640288
47669254
47681049
47771360
47786731
47952848
47978677
47982932
48023367
48376743
48487150
48732994
48911143
48921136
49092231
49095625
49175380
49248248
49374152
49455365
49663639
49845645
49993745
50015821
50059311
50107666
50120428
50194012
50265500
50397659
50458090
50578952
50983365
51012572
51053714
51116159
51154207
51154363
51366892
51481335
51621585
51728367
51798497
51998440
52266774
52273957
52569285
52979978
53027363
53055171
53059878
53107101
53147383
53715187
53720703
53756780
53919191
54107105
54145361
54198425
54284463
54417226
54534556
54548075
54588583
54626100
54674618
54736877
54882902
54956502
55336395
55395481
55442525
55482610
55514240
55715689
55773976
56067557
56087665
56124435
56251713
56307780
56440507
56567677
56642573
56846166
56948811
57099949
57139823
57199674
57229931
57403189
57465087
57535496
57709729
57841932
57911725
57949860
57951952
58045132
58093463
58228476
58244120
58257748
58622820
58633278
58775271
58802575
59032157
59191448
59493409
59675916
59806585
59875477
60060653
60127034
60184339
60184952
60302783
60374175
60459827
60543577
60727878
60812807
60841442
60891605
60894168
60972605
60993956
61623991
61812119
61863133
61940070
62100595
62161200
62759702
62852109
62966133
63049869
63239591
63240316
63307620
63602151
64030032
64089569
64160712
64495790
64504342
64624767
64625471
64627702
65020733
65091202
65204865
65217539
65224736
65240080
65349617
65452770
65592558
65665426
65697705
65702024
65742462
66062112
66119109
66135946
66216727
66444522
66462020
66620600
66675024
67037495
67076711
67248386
67304134
67450292
67507639
67767709
67924792
68030649
68040368
68082338
68301481
68325639
68343504
68443822
68576465
68585598
68767926
68882464
68981443
69002427
69052092
69075025
69115400
69183033
69199935
69271837
69321734
69443175
69547766
69673112
69754780
69975325
70017257
70054963
70065127
70300908
70315000
70376778
70390069
70396203
70426871
70620828
70829238
70842599
70919003
70946917
71196943
71227244
71255528
71329860
71510637
71656292
71685077
71790215
71857896
71868291
71932411
71985751
72090912
72109268
72109738
72170449
72229781
72264005
72268118
72269713
72289238
72669668
72937108
72976704
73021540
73153812
73338431
73386039
73467508
73487404
73601332
73983663
74184341
74358826
74360364
74484202
74504613
74526931
74547177
74581186
74718314
74799425
74824531
74826914
75167531
75259970
75279611
75298597
75390275
75441053
75566307
75613759
75818169
75859491
75932287
75967328
75999222
76034464
76039646
76064237
76175847
76226568
76310249
76385526
76435198
76455530
76474395
76489524
76501847
76717888
76724509
76868719
76928897
77000129
77007530
77084944
77176396
77209784
77385602
77408578
77486505
77568432
77603615
77668592
77708887
77843880
77851770
77859995
78109222
78383199
78408576
78567441
78645139
78697540
78716211
78802572
78896106
78936683
78942215
78968920
79322106
79487400
79917842
79948612
79951453
79992810
80149896
80261448
80383679
80384794
80426895
80479937
80616071
80651537
80654160
80672224
81230081
81258185
81329163
81351668
81398295
81445491
81829503
81871316
81951713
81953288
82005609
82130717
82181560
82221181
82257508
82406361
82411682
82552353
82647897
82689221
82874221
82885663
82897962
82965248
82993212
83135169
83421459
83548107
83587897
83647753
83662700
83762849
83976936
84124682
84363559
84422444
84445549
84457409
84549928
84664745
84848665
84852009
85009935
85088952
85124940
85212464
85235639
85236251
85237803
85353436
85613795
85648618
85672439
85949477
85977222
86100791
86116828
86275040
86336786
86362412
86374998
86393596
86639694
86655924
86804975
86967729
86969136
87145334
87269814
87358421
87447866
87669533
87682395
87695658
87741571
87779590
87790618
87893184
87911443
87952613
88002027
88030156
88279578
88304451
88313924
88348370
88357902
88516180
88667773
88715892
88760561
88906343
89275980
89357223
89706807
89883908
89934368
89962038
89967441
90025904
90324036
90704390
90776532
90809771
90827251
90897284
90964342
91373017
91410105
91524834
91643060
91796811
91824335
91871179
91955152
91957367
92145652
92295320
92321234
92351830
92362714
92362840
92440386
92472111
92701788
92827139
92865583
92937339
93110489
93134591
93244870
93261767
93304348
93382859
93393317
93500052
93602993
93679750
93927346
93998471
94135445
94190424
94274230
94455061
94486841
94540660
94574174
94776217
94817516
95118734
95136083
95278510
95427126
95525565
95568035
95654428
95741913
96170991
96261018
96422345
96488725
96538097
96568555
96576742
96590017
96631541
96818669
96937986
97018332
97301519
97328959
97383818
97424865
97485734
97529695
97569001
97720426
97763289
97971229
98165448
98312546
98318320
98463813
98473224
98607212
98694332
98696112
98713223
98728355
98729528
98801675
98844779
99003566
99242026
99262173
99334809
99401040
99754309
99758542
99896068
99999999
